-27.81399917602539 6.355999946594238 48.90399932861328
-27.481000900268555 6.36899995803833 45.0880012512207
-24.77400016784668 3.810999870300293 44.20800018310547
-21.83700180053711 6.0 43.10900115966797
-21.2450008392334 4.394999980926514 39.68300247192383
-17.55699920654297 4.294000148773193 38.68299865722656
-17.30900001525879 5.940999984741211 35.224998474121094
-14.615999221801758 4.900000095367432 32.71800231933594
-13.687000274658203 6.610000133514404 29.4320011138916
-10.79800033569336 7.6020002365112305 27.126998901367188
-9.38599967956543 10.602999687194824 25.23900032043457
-9.560999870300293 10.517000198364258 21.393001556396484
-7.889999866485596 12.864999771118164 18.880001068115234
-10.531000137329102 14.422999382019043 16.555999755859375
-8.366000175476074 17.05500030517578 14.774999618530273
-4.7729997634887695 18.447999954223633 14.707000732421875
-5.770000457763672 20.88399887084961 17.507999420166016
-8.592000007629395 19.124000549316406 19.45400047302246
-9.241000175476074 15.921000480651855 21.388999938964844
-12.561999320983887 14.501999855041504 22.663000106811523
-13.415999412536621 12.905999183654785 26.038999557495117
-15.289000511169434 9.663000106811523 25.183000564575195
-16.84200096130371 8.973999977111816 28.59600067138672
-20.290000915527344 8.359000205993652 30.12900161743164
-22.131000518798828 11.097000122070312 32.04199981689453
-20.827999114990234 12.128000259399414 35.518001556396484
-22.00200080871582 15.31399917602539 37.281002044677734
-18.555999755859375 16.055999755859375 38.83399963378906
-16.81800079345703 15.45300006866455 35.499000549316406
-19.206998825073242 17.844999313354492 33.66899871826172
-18.586999893188477 20.469999313354492 36.388999938964844
-14.816999435424805 20.025001525878906 35.74700164794922
-15.264999389648438 20.185001373291016 31.921001434326172
-17.10300064086914 23.535999298095703 32.34000015258789
-13.930000305175781 24.955001831054688 34.05299758911133
-11.71399974822998 24.242000579833984 30.987998962402344
-10.989999771118164 27.326000213623047 28.814001083374023
-11.043000221252441 25.590999603271484 25.371999740600586
-14.222999572753906 23.54199981689453 26.0989990234375
-16.58799934387207 22.700000762939453 23.21500015258789
-19.802000045776367 20.668001174926758 23.51300048828125
-21.240999221801758 18.90999984741211 20.47599983215332
-25.04800033569336 18.708999633789062 20.868999481201172
-25.329999923706055 15.940999984741211 18.194000244140625
-22.69300079345703 13.551000595092773 19.628000259399414
-23.2450008392334 14.784000396728516 23.261001586914062
-19.428001403808594 14.850000381469727 23.689001083374023
-16.909000396728516 17.368999481201172 25.058000564575195
-13.766000747680664 18.44300079345703 23.16499900817871
-10.710000038146973 20.481998443603516 24.263999938964844
-7.462000370025635 21.900001525878906 22.829999923706055
-4.480000019073486 19.48200035095215 22.922000885009766
-2.504999876022339 22.040000915527344 25.035999298095703
-5.062000274658203 21.573999404907227 27.868000030517578
-4.769000053405762 17.729000091552734 27.749000549316406
-2.260999917984009 17.47100067138672 30.650001525878906
-4.253000259399414 20.04800033569336 32.7130012512207
-7.504000186920166 18.10099983215332 32.124000549316406
-5.985999584197998 14.677000045776367 32.999000549316406
-4.379000186920166 16.10099983215332 36.18299865722656
-7.7789998054504395 17.541000366210938 37.32099914550781
-9.694000244140625 14.309000015258789 36.45100021362305
-7.244999885559082 12.25100040435791 38.62200164794922
-8.618999481201172 14.163000106811523 41.650001525878906
-12.097000122070312 12.595000267028809 40.98999786376953
-12.136000633239746 9.182999610900879 42.8380012512207
-15.079999923706055 7.795000076293945 40.753997802734375
-13.8100004196167 8.827000617980957 37.27899932861328
-11.192999839782715 7.079999923706055 35.159000396728516
-10.319999694824219 8.993999481201172 31.958999633789062
-7.557000160217285 7.235999584197998 29.993999481201172
-5.23199987411499 9.937000274658203 28.480998992919922
-4.170000076293945 10.199999809265137 24.839000701904297
-1.3370000123977661 7.688000202178955 24.13399887084961
2.186000108718872 9.161999702453613 24.570999145507812
2.6629998683929443 8.48900032043457 20.80900001525879
-0.07000000029802322 11.04800033569336 19.946001052856445
1.1039999723434448 13.684000015258789 22.46900177001953
4.683000087738037 13.388999938964844 21.072999954223633
3.5350000858306885 13.459999084472656 17.406999588012695
1.5209999084472656 16.701000213623047 17.889999389648438
3.8909997940063477 18.387001037597656 20.45800018310547
5.497000217437744 20.63800048828125 17.74799919128418
2.121000051498413 22.163000106811523 16.737998962402344
1.2620000839233398 23.0 20.395000457763672
4.289000034332275 25.424999237060547 20.581998825073242
3.2710001468658447 27.58100128173828 17.53999900817871
0.4320000112056732 30.081998825073242 18.218000411987305
-0.45899999141693115 30.14499855041504 14.461000442504883
-3.490999937057495 28.352001190185547 12.963000297546387
-1.6329998970031738 27.75899887084961 9.638999938964844
-3.13100004196167 24.49199867248535 8.258000373840332
0.1940000057220459 23.875 6.392999649047852
3.5249998569488525 23.62799835205078 8.269000053405762
5.845000267028809 26.180999755859375 6.61899995803833
8.248000144958496 23.507999420166016 5.283999919891357
11.604000091552734 25.249000549316406 4.685999870300293
13.034000396728516 24.92599868774414 1.1770000457763672
15.971000671386719 22.49799919128418 1.274999976158142
19.309999465942383 23.45599937438965 -0.296999990940094
19.606000900268555 20.95400047302246 -3.19599986076355
22.822999954223633 22.560001373291016 -4.659999847412109
24.881999969482422 19.382999420166016 -3.875999927520752
22.291000366210938 17.18400001525879 -5.715000152587891
22.66900062561035 16.423999786376953 -9.455999374389648
21.196001052856445 19.39900016784668 -11.451000213623047
19.451000213623047 17.013999938964844 -13.92199993133545
17.541000366210938 15.406999588012695 -11.03600025177002
16.59000015258789 18.753000259399414 -9.399999618530273
15.454999923706055 20.446998596191406 -12.670999526977539
13.155000686645508 17.503000259399414 -13.559999465942383
11.241999626159668 17.60900115966797 -10.219999313354492
7.6539998054504395 18.81399917602539 -10.60099983215332
6.642000198364258 21.51300048828125 -8.012999534606934
4.715000152587891 19.012001037597656 -5.8420000076293945
7.6529998779296875 16.516000747680664 -6.006999969482422
10.053000450134277 19.2760009765625 -4.829999923706055
7.621999740600586 20.04400062561035 -1.9580000638961792
7.677999496459961 16.277000427246094 -1.149999976158142
11.517000198364258 16.27899932861328 -1.031000018119812
11.506999969482422 19.405000686645508 1.2259999513626099
8.985000610351562 17.707000732421875 3.555999994277954
11.118999481201172 14.529999732971191 3.7079999446868896
14.26300048828125 16.548999786376953 4.572999954223633
12.345999717712402 18.54599952697754 7.253000259399414
11.342000007629395 15.121000289916992 8.774999618530273
15.083999633789062 14.191999435424805 8.875
14.805000305175781 11.736000061035156 5.935000419616699
12.376999855041504 9.376999855041504 7.810000419616699
8.96500015258789 9.059000015258789 6.14300012588501
6.451000213623047 6.942999839782715 4.276000022888184
6.059999942779541 8.564000129699707 0.8330000042915344
2.5250000953674316 7.37600040435791 0.05700000002980232
1.746000051498413 9.524999618530273 -3.01200008392334
-0.6040000319480896 7.978000164031982 -5.571000099182129
0.7599999904632568 5.574999809265137 -8.149999618530273
2.3420000076293945 7.323999881744385 -11.145999908447266
3.2019999027252197 10.584000587463379 -9.227999687194824
6.958000183105469 9.786999702453613 -9.46399974822998
7.756999969482422 8.410999298095703 -5.9579997062683105
11.020999908447266 6.937000274658203 -7.381999969482422
12.455999374389648 10.333000183105469 -8.527000427246094
11.5260009765625 11.893999099731445 -5.139999866485596
13.165999412536621 8.993000030517578 -3.2309999465942383
16.368999481201172 9.23900032043457 -5.3520002365112305
16.482999801635742 13.02400016784668 -4.668999671936035
15.927000045776367 12.543000221252441 -0.8860000371932983
18.638999938964844 9.829000473022461 -0.8079999685287476
21.045000076293945 11.979000091552734 -2.931999921798706
20.645999908447266 14.883999824523926 -0.4440000057220459
22.05900001525879 12.453999519348145 2.191999912261963
24.869001388549805 11.142000198364258 -0.15799999237060547
27.54400062561035 11.824999809265137 2.553999900817871
25.77400016784668 9.145999908447266 4.709000110626221
25.9739990234375 6.340000152587891 2.061000108718872
26.259998321533203 3.371999740600586 1.3209999799728394
22.602001190185547 3.3509998321533203 0.2329999953508377
20.427000045776367 0.210999995470047 0.5559999942779541
17.447999954223633 -0.07100000232458115 -1.840000033378601
15.020999908447266 -2.940999984741211 -1.0880000591278076
12.532999038696289 -3.553999900817871 -3.9050002098083496
10.265999794006348 -6.208000183105469 -5.46999979019165
12.309000015258789 -8.677999496459961 -7.576000213623047
10.635000228881836 -7.421999931335449 -10.79699993133545
11.862000465393066 -3.7750000953674316 -10.456999778747559
15.577000617980957 -4.167999744415283 -9.432000160217285
16.926000595092773 -3.263000011444092 -12.895000457763672
14.274999618530273 -0.5130000114440918 -13.302000045776367
15.756999969482422 1.062000036239624 -10.121000289916992
19.31800079345703 0.6800000667572021 -11.501999855041504
18.249000549316406 2.4739999771118164 -14.717999458312988
16.493999481201172 5.14900016784668 -12.616000175476074
19.743999481201172 5.86899995803833 -10.683000564575195
21.807998657226562 6.0 -13.932000160217285
19.167999267578125 8.272000312805176 -15.535999298095703
18.796998977661133 10.721999168395996 -12.618000030517578
22.349998474121094 10.722999572753906 -11.14900016784668
24.638999938964844 10.90000057220459 -14.27400016784668
27.479999542236328 11.979999542236328 -11.906000137329102
27.57400131225586 8.335999488830566 -10.628000259399414
29.700000762939453 5.687000274658203 -12.357999801635742
27.671001434326172 2.5250000953674316 -13.272000312805176
30.249000549316406 0.5429999828338623 -11.192999839782715
28.96500015258789 2.3340001106262207 -8.052000045776367
25.583999633789062 0.5049999952316284 -8.456000328063965
25.439998626708984 -3.0920000076293945 -7.207000255584717
22.334999084472656 -5.078000068664551 -8.274999618530273
22.097000122070312 -8.220999717712402 -6.115000247955322
20.885000228881836 -11.10099983215332 -8.338000297546387
21.85300064086914 -14.223999977111816 -6.323999881744385
22.299999237060547 -15.333000183105469 -2.683000087738037
26.117000579833984 -15.460000038146973 -3.309999942779541
26.387998580932617 -11.741000175476074 -4.160999774932861
27.7239990234375 -9.124000549316406 -1.6979999542236328
25.229999542236328 -6.603999614715576 -0.25099998712539673
28.006999969482422 -3.9619998931884766 0.2549999952316284
29.85300064086914 -4.189000129699707 -3.0880000591278076
28.554000854492188 -0.7980000376701355 -4.374000072479248
27.860000610351562 2.7129998207092285 -3.077000141143799
24.216001510620117 1.9459999799728394 -4.063000202178955
23.043001174926758 -1.6140000820159912 -3.2679998874664307
19.764999389648438 -2.811999797821045 -4.88100004196167
18.277999877929688 -6.057000160217285 -3.4839999675750732
14.946001052856445 -7.9070000648498535 -3.564000129699707
12.95300006866455 -8.640000343322754 -0.35999998450279236
13.534000396728516 -12.409000396728516 -0.8309999704360962
17.322999954223633 -12.045000076293945 -1.3619999885559082
17.56399917602539 -9.651000022888184 1.6329998970031738
16.097000122070312 -12.472000122070312 3.7820000648498535
18.71500015258789 -14.980000495910645 2.4200000762939453
21.58099937438965 -12.46500015258789 2.937999963760376
20.687000274658203 -11.586999893188477 6.603000164031982
24.235000610351562 -12.628999710083008 7.758999824523926
25.718997955322266 -9.821000099182129 5.565999984741211
23.506999969482422 -7.113999843597412 7.25
26.119998931884766 -6.73799991607666 10.085000038146973
27.297000885009766 -3.373999834060669 8.638999938964844
24.54400062561035 -0.7850000262260437 9.308000564575195
23.20400047302246 1.0410000085830688 6.259999752044678
22.546001434326172 4.659999847412109 7.3339996337890625
20.27199935913086 5.414999961853027 4.322000026702881
17.57900047302246 2.8929998874664307 3.307000160217285
14.875 2.992000102996826 0.6029999852180481
12.053999900817871 0.40299999713897705 0.7260000109672546
9.944999694824219 0.2840000092983246 -2.434000015258789
6.433000087738037 -1.1740000247955322 -2.0929999351501465
6.826999664306641 -1.0829999446868896 1.7269999980926514
3.4110000133514404 -2.800999879837036 2.1570000648498535
5.3979997634887695 -6.068000316619873 1.5670000314712524
6.526000022888184 -5.583000183105469 5.216000080108643
2.8519999980926514 -5.684999942779541 6.51200008392334
3.3309998512268066 -9.028999328613281 8.329999923706055
5.989999771118164 -9.019000053405762 11.107999801635742
6.197999954223633 -12.877999305725098 11.062000274658203
7.506999969482422 -13.043999671936035 7.446000099182129
11.224000930786133 -13.680000305175781 6.7170000076293945
11.392000198364258 -10.413999557495117 4.661999702453613
10.00200080871582 -8.315999984741211 7.544000148773193
12.323999404907227 -10.008000373840332 10.117000579833984
15.361000061035156 -9.265000343322754 7.894999980926514
14.379999160766602 -5.633999824523926 7.0420002937316895
13.12399959564209 -4.359000205993652 10.447000503540039
16.506000518798828 -4.480999946594238 12.347999572753906
18.145000457763672 -2.447000026702881 9.515999794006348
15.233999252319336 0.07100000232458115 9.407999992370605
15.315999984741211 0.6110000014305115 13.218000411987305
19.059999465942383 1.5180001258850098 13.256999969482422
19.152999877929688 3.4040000438690186 9.907999992370605
19.444000244140625 7.211999893188477 10.229999542236328
17.373001098632812 7.760000228881836 7.020000457763672
14.358999252319336 5.580999851226807 6.10099983215332
12.390999794006348 6.296000003814697 2.934000015258789
9.383999824523926 3.9779999256134033 2.565999984741211
7.458000183105469 4.045000076293945 -0.7329999804496765
3.9120001792907715 2.7730000019073486 -1.277999997138977
0.9210000038146973 3.8350000381469727 -3.4089999198913574
-1.2380000352859497 1.6710000038146973 -1.0859999656677246
0.2720000147819519 1.7669999599456787 2.4600000381469727
-2.4719998836517334 -0.5680000185966492 3.7170000076293945
-4.075999736785889 -3.142000198364258 1.4030001163482666
-7.160000324249268 -3.9689998626708984 3.5440001487731934
-6.769999980926514 -3.3539998531341553 7.351999759674072
-5.1579999923706055 -0.9709999561309814 9.942999839782715
-2.999000072479248 -3.8489999771118164 11.329999923706055
-0.9700000286102295 -3.7899999618530273 8.03600025177002
0.3400000333786011 -0.24000000953674316 8.808000564575195
2.0260000228881836 -1.1720000505447388 12.12399959564209
5.38100004196167 -2.3389999866485596 10.669000625610352
5.622000217437744 0.7460000514984131 8.385000228881836
4.840000152587891 3.0899999141693115 11.333999633789062
7.595000267028809 1.5420000553131104 13.532999992370605
10.047999382019043 1.5109999179840088 10.578999519348145
9.625 5.3329997062683105 10.226000785827637
9.190999984741211 6.00600004196167 13.993000030517578
10.770000457763672 3.134000062942505 16.055999755859375
9.592999458312988 4.781000137329102 19.332000732421875
5.906000137329102 4.63100004196167 18.277999877929688
3.864000082015991 1.7209999561309814 19.68000030517578
6.7729997634887695 -0.4410000145435333 21.082000732421875
4.2860002517700195 -3.36899995803833 21.273000717163086
1.8389999866485596 -4.401000022888184 18.51099967956543
-0.8510000109672546 -5.177999496459961 21.125
-1.2269999980926514 -1.4869999885559082 22.163999557495117
-1.6549999713897705 -0.5059999823570251 18.479999542236328
-4.084000110626221 -3.4210000038146973 17.944000244140625
-6.298000335693359 -2.4769999980926514 20.937999725341797
-6.5460004806518555 1.149999976158142 19.732999801635742
-6.844000339508057 0.8289999961853027 15.910999298095703
-7.713000297546387 -2.8389999866485596 15.123000144958496
-10.744999885559082 -3.3889999389648438 17.465999603271484
-8.739999771118164 -6.177000045776367 19.14699935913086
-10.930999755859375 -8.953999519348145 20.673999786376953
-9.857000350952148 -11.675000190734863 23.115001678466797
-10.657000541687012 -15.128000259399414 21.673999786376953
-10.219000816345215 -18.602998733520508 23.340999603271484
-6.982999801635742 -19.163000106811523 21.301000595092773
-5.517000198364258 -15.592999458312988 21.437999725341797
-6.302999973297119 -12.095999717712402 20.062999725341797
-8.241000175476074 -11.22499942779541 16.875999450683594
-6.868000030517578 -7.9710001945495605 15.312000274658203
-8.937999725341797 -8.211000442504883 12.104000091552734
-11.280000686645508 -5.295000076293945 12.965999603271484
-10.883999824523926 -1.4810000658035278 12.791999816894531
-11.332999229431152 1.369999885559082 15.3410005569458
-10.444999694824219 5.095999717712402 15.788000106811523
-9.638999938964844 5.454000473022461 12.02400016784668
-9.930999755859375 9.291999816894531 12.01200008392334
-7.315999984741211 9.484999656677246 14.819000244140625
-5.062999725341797 7.000999927520752 12.947999954223633
-5.3289995193481445 9.20300006866455 9.793999671936035
-4.273000240325928 12.329000473022461 11.769000053405762
-1.3160001039505005 10.433000564575195 13.344000816345215
-0.125 9.121000289916992 9.942999839782715
-0.3370000123977661 12.541999816894531 8.204999923706055
1.3639999628067017 14.4089994430542 11.092000007629395
4.263999938964844 12.094999313354492 11.947999954223633
4.710000038146973 9.184000015258789 9.47700023651123
3.2769999504089355 9.723999977111816 6.000999927520752
3.203000068664551 12.163000106811523 3.1019999980926514
0.25599998235702515 11.31100082397461 0.8240000009536743
-0.9799999594688416 13.265000343322754 -2.2090001106262207
-3.617000102996826 12.156000137329102 -4.656000137329102
-3.6030001640319824 12.722000122070312 -8.427000045776367
-6.611999988555908 15.064000129699707 -7.881999969482422
-4.496999740600586 17.23200035095215 -5.501999855041504
-1.4890000820159912 17.777000427246094 -7.811999797821045
-2.517000198364258 17.08500099182129 -11.447000503540039
-5.47599983215332 19.263999938964844 -12.553000450134277
-5.086999893188477 17.82699966430664 -16.11600112915039
-5.359000205993652 14.047000885009766 -15.45199966430664
-8.78700065612793 12.895000457763672 -16.744998931884766
-11.029000282287598 11.126999855041504 -14.208000183105469
-11.245000839233398 7.323999881744385 -13.859000205993652
-14.71500015258789 6.142000198364258 -14.89699935913086
-15.563000679016113 2.9489998817443848 -12.975000381469727
-18.394001007080078 0.7460000514984131 -14.227999687194824
-19.86600112915039 -2.5230000019073486 -12.96500015258789
-20.683998107910156 -4.757999897003174 -15.922000885009766
-23.131999969482422 -7.421000003814697 -14.794000625610352
-22.5570011138916 -10.59000015258789 -16.819000244140625
-24.577999114990234 -13.801000595092773 -16.748001098632812
-22.61199951171875 -17.048999786376953 -16.217998504638672
-22.256000518798828 -18.148000717163086 -19.868000030517578
-23.584001541137695 -21.345998764038086 -21.5260009765625
-21.531999588012695 -23.636999130249023 -19.269001007080078
-21.5939998626709 -27.435998916625977 -19.571001052856445
-23.663002014160156 -29.5 -17.069000244140625
-20.476999282836914 -30.536998748779297 -15.140999794006348
-19.2810001373291 -26.91400146484375 -14.601999282836914
-22.864999771118164 -25.926000595092773 -13.567999839782715
-23.115001678466797 -28.794998168945312 -11.026000022888184
-19.652000427246094 -27.892000198364258 -9.605999946594238
-20.645999908447266 -24.181001663208008 -9.276999473571777
-24.003999710083008 -25.0570011138916 -7.609000205993652
-22.232999801635742 -27.47100067138672 -5.197999954223633
-19.729999542236328 -24.7239990234375 -4.197000026702881
-22.618999481201172 -22.201000213623047 -3.7990000247955322
-24.46500015258789 -24.70400047302246 -1.5219999551773071
-21.235000610351562 -25.139999389648438 0.46299999952316284
-21.031999588012695 -21.329998016357422 1.0069999694824219
-24.625999450683594 -21.203998565673828 2.4160001277923584
-24.04400062561035 -24.07699966430664 4.918000221252441
-24.680999755859375 -22.913000106811523 8.539999961853027
-22.255001068115234 -23.444000244140625 11.504000663757324
-18.897998809814453 -22.96500015258789 9.666999816894531
-15.729999542236328 -21.665000915527344 11.32800006866455
-14.124000549316406 -18.48900032043457 9.805999755859375
-11.467000007629395 -20.77699851989746 8.225000381469727
-14.035999298095703 -23.15799903869629 6.640999794006348
-15.968999862670898 -20.123001098632812 5.2789998054504395
-12.715999603271484 -18.82699966430664 3.695000171661377
-11.88599967956543 -22.25 2.174999952316284
-15.454999923706055 -22.54199981689453 0.7789999842643738
-15.161999702453613 -19.007999420166016 -0.7280000448226929
-11.802000045776367 -19.95800018310547 -2.3899998664855957
-13.39699935913086 -23.132999420166016 -3.8460001945495605
-16.437999725341797 -21.128999710083008 -5.052999973297119
-14.098000526428223 -18.483999252319336 -6.565999984741211
-12.20199966430664 -21.196001052856445 -8.52500057220459
-15.54800033569336 -22.546001434326172 -9.927999496459961
-16.65799903869629 -18.9689998626709 -10.722999572753906
-13.515000343322754 -18.52899932861328 -12.874000549316406
-14.458999633789062 -21.53499984741211 -15.096000671386719
-18.141000747680664 -20.445999145507812 -15.251999855041504
-17.291000366210938 -16.829999923706055 -16.35900115966797
-14.967999458312988 -17.78499984741211 -19.288000106811523
-17.67799949645996 -17.783000946044922 -22.051000595092773
-19.213998794555664 -14.41100025177002 -21.020000457763672
-15.770999908447266 -12.821999549865723 -20.42799949645996
-14.6899995803833 -13.876999855041504 -23.950000762939453
-18.01099967956543 -12.621999740600586 -25.432998657226562
-17.538000106811523 -9.229000091552734 -23.689001083374023
-13.906999588012695 -8.925000190734863 -24.94499969482422
-15.0339994430542 -9.694000244140625 -28.52199935913086
-17.91900062561035 -7.14900016784668 -28.27699851989746
-15.343999862670898 -4.494999885559082 -27.2189998626709
-13.171000480651855 -5.317000389099121 -30.270999908447266
-16.22800064086914 -5.307999610900879 -32.62099838256836
-17.3489990234375 -1.9140000343322754 -31.161001205444336
-13.983000755310059 -0.4350000023841858 -32.31800079345703
-12.053999900817871 -0.6639999747276306 -28.985000610351562
-8.690000534057617 -1.5700000524520874 -30.492000579833984
-6.409000396728516 -1.1759999990463257 -27.39299964904785
-7.160999774932861 -2.2190001010894775 -23.780000686645508
-6.033999919891357 -4.223999977111816 -20.729000091552734
-7.702999591827393 -7.437000274658203 -19.48400115966797
-6.909000396728516 -8.472000122070312 -15.902999877929688
-7.605000019073486 -12.003999710083008 -14.598999977111816
-6.4770002365112305 -14.062000274658203 -11.552000045776367
-6.830000400543213 -17.704999923706055 -12.63700008392334
-4.489999771118164 -19.213001251220703 -15.23699951171875
-7.469000339508057 -21.02400016784668 -16.8799991607666
-9.152000427246094 -17.630001068115234 -17.61400032043457
-5.875 -16.13599967956543 -18.9320011138916
-5.357999801635742 -19.260000228881836 -21.12099838256836
-8.925999641418457 -19.119998931884766 -22.52199935913086
-8.70199966430664 -15.360000610351562 -23.340999603271484
-5.255000114440918 -15.822000503540039 -24.981998443603516
-6.413000106811523 -18.820999145507812 -27.09000015258789
-9.48900032043457 -16.902000427246094 -28.310001373291016
-7.415999889373779 -13.803998947143555 -29.26799964904785
-4.997000217437744 -16.142000198364258 -31.171998977661133
-7.98799991607666 -17.820999145507812 -32.9379997253418
-9.267999649047852 -14.328001022338867 -33.959999084472656
-5.74500036239624 -13.176000595092773 -35.064002990722656
-5.896999835968018 -10.24899959564209 -32.572998046875
-2.504999876022339 -8.827000617980957 -31.547000885009766
-1.9490001201629639 -9.425000190734863 -27.844999313354492
0.6330000162124634 -9.65999984741211 -25.07400131225586
0.4650000035762787 -11.919000625610352 -22.020999908447266
2.0510001182556152 -11.26099967956543 -18.600000381469727
1.6130000352859497 -13.812999725341797 -15.79800033569336
3.569000005722046 -15.510000228881836 -12.96399974822998
5.776000022888184 -17.410999298095703 -15.484000205993652
6.947999954223633 -14.23900032043457 -17.32499885559082
10.48900032043457 -13.16200065612793 -16.30500030517578
11.269999504089355 -9.557999610900879 -15.23900032043457
13.111000061035156 -8.781000137329102 -18.51799964904785
10.339000701904297 -10.243000030517578 -20.753000259399414
7.713000297546387 -8.166999816894531 -18.836000442504883
9.459000587463379 -4.915999889373779 -19.816999435424805
9.861000061035156 -6.01800012588501 -23.47100067138672
6.165999889373779 -7.103000164031982 -23.69999885559082
5.084000110626221 -3.8400001525878906 -22.0310001373291
7.135000228881836 -1.837999939918518 -24.588001251220703
5.710999965667725 -3.9639999866485596 -27.45199966430664
2.1610000133514404 -3.125999927520752 -26.249000549316406
2.994999885559082 0.6029999852180481 -25.761001586914062
4.404999732971191 0.8539999723434448 -29.33799934387207
1.568000078201294 -1.187000036239624 -30.97100067138672
-0.5029999613761902 1.0570000410079956 -33.290000915527344
-3.8899998664855957 -0.8619999885559082 -33.32699966430664
-5.854000091552734 -3.9719998836517334 -32.13100051879883
-3.6579999923706055 -4.799999713897705 -29.097999572753906
-5.01200008392334 -6.5980000495910645 -25.993999481201172
-2.8310000896453857 -6.919999599456787 -22.873001098632812
-3.8440001010894775 -10.152000427246094 -21.042999267578125
-2.511000156402588 -9.592999458312988 -17.520000457763672
-2.4010000228881836 -11.546000480651855 -14.257999420166016
-3.875 -9.329000473022461 -11.479999542236328
-1.0469999313354492 -10.425000190734863 -9.10200023651123
1.8899999856948853 -10.52400016784668 -11.56399917602539
1.2720000743865967 -7.354000091552734 -13.670000076293945
-0.049000002443790436 -4.9730000495910645 -10.930000305175781
3.5199999809265137 -3.546999931335449 -10.364999771118164
6.442999839782715 -1.9639999866485596 -12.298999786376953
4.638000011444092 -1.7430000305175781 -15.715999603271484
3.1510000228881836 1.2890000343322754 -17.590999603271484
0.29899999499320984 0.9449999928474426 -20.136001586914062
-0.5659999847412109 4.644999980926514 -20.73299789428711
-1.2710000276565552 3.947999954223633 -24.468997955322266
-4.562000274658203 2.253999948501587 -23.41900062561035
-7.652000427246094 4.050000190734863 -21.996000289916992
-9.666000366210938 0.9359999895095825 -20.93600082397461
-9.121999740600586 -1.6419999599456787 -18.157001495361328
-11.311999320983887 -4.7789998054504395 -17.95800018310547
-11.300000190734863 -6.904000282287598 -14.79800033569336
-12.430000305175781 -10.331000328063965 -16.034000396728516
-12.133999824523926 -11.484999656677246 -12.392999649047852
-12.42300033569336 -9.77299976348877 -8.999000549316406
-9.732000350952148 -9.958999633789062 -6.289000034332275
-10.42300033569336 -9.85099983215332 -2.50600004196167
-7.632999897003174 -7.257999897003174 -1.9429999589920044
-8.784000396728516 -3.7829999923706055 -3.136000156402588
-5.223999977111816 -2.3340001106262207 -3.006999969482422
-4.183000087738037 -4.861000061035156 -5.72599983215332
-7.156000137329102 -3.810999870300293 -7.936000347137451
-6.334000110626221 -0.06599999964237213 -7.494000434875488
-2.6579999923706055 -0.8359999656677246 -8.354000091552734
-3.809000015258789 -2.5909998416900635 -11.56399917602539
-6.0879998207092285 0.390999972820282 -12.539000511169434
-3.065999984741211 2.691999912261963 -12.036999702453613
-1.128000020980835 0.8450000286102295 -14.833999633789062
-3.129999876022339 2.940999984741211 -17.371000289916992
-3.919999837875366 6.029999732971191 -15.255999565124512
-0.40700000524520874 7.671999931335449 -15.082999229431152
1.439000129699707 10.915999412536621 -15.9350004196167
1.212999939918518 11.190999984741211 -19.7549991607666
-2.3610000610351562 9.782999992370605 -19.948999404907227
-4.51099967956543 12.354000091552734 -21.856998443603516
-7.767000198364258 10.328999519348145 -22.191999435424805
-10.398000717163086 9.418000221252441 -19.562000274658203
-9.677000045776367 5.882999897003174 -18.283000946044922
-12.596000671386719 3.443999767303467 -18.378999710083008
-12.503000259399414 0.6809999942779541 -15.722999572753906
-14.92400074005127 -2.2179999351501465 -16.19499969482422
-15.51200008392334 -4.73799991607666 -13.387999534606934
-17.118999481201172 -7.9110002517700195 -14.788000106811523
-19.43899917602539 -9.241999626159668 -12.02400016784668
-21.361000061035156 -12.506999969482422 -12.522000312805176
-24.64900016784668 -12.97700023651123 -10.572999954223633
-25.12200164794922 -16.31599998474121 -8.756999969482422
-21.3179988861084 -16.746999740600586 -8.331999778747559
-18.54199981689453 -15.958000183105469 -5.809000015258789
-18.661998748779297 -12.336999893188477 -7.1539998054504395
-21.884998321533203 -11.79699993133545 -5.065999984741211
-19.68199920654297 -12.305000305175781 -1.937000036239624
-16.4060001373291 -10.772000312805176 -3.194999933242798
-17.895000457763672 -7.465999603271484 -4.390000343322754
-19.50899887084961 -6.435999870300293 -1.0130000114440918
-16.28999900817871 -7.553999900817871 0.7800000309944153
-14.20300006866455 -5.289000511169434 -1.5429999828338623
-16.583999633789062 -2.315999984741211 -0.956000030040741
-16.411001205444336 -2.736999988555908 2.872999906539917
-12.572000503540039 -2.863999843597412 2.800999879837036
-12.406000137329102 0.25999999046325684 0.5860000252723694
-14.710999488830566 2.11299991607666 3.0190000534057617
-12.310999870300293 1.2269999980926514 5.899999618530273
-9.322999954223633 2.439000129699707 3.803999900817871
-11.156999588012695 5.697999954223633 2.9120001792907715
-11.982999801635742 6.419000148773193 6.61400032043457
-8.248000144958496 5.896999835968018 7.36400032043457
-7.322999954223633 8.423999786376953 4.559000015258789
-5.711999893188477 5.580999851226807 2.5369999408721924
-8.170000076293945 5.620999813079834 -0.4269999861717224
-10.451000213623047 8.234000205993652 -2.0939998626708984
-12.144001007080078 5.440000534057617 -4.068999767303467
-15.886000633239746 5.845000267028809 -3.503000259399414
-17.392000198364258 2.703000068664551 -5.086999893188477
-20.801000595092773 4.345999717712402 -4.2829999923706055
-20.467998504638672 6.49399995803833 -7.493000030517578
-20.43600082397461 3.3980000019073486 -9.777999877929688
-23.136001586914062 3.303999900817871 -12.458000183105469
-24.79599952697754 -0.12099999934434891 -12.684000015258789
-25.590999603271484 -0.8009999990463257 -16.325000762939453
-28.285999298095703 -3.434000015258789 -16.83099937438965
