0.021589 1348.24 55.1279
0.022197 1330.24 42.3289
0.022805 1323.8 39.2084
0.023413 1318.67 34.6923
0.024021 1301.15 35.3526
0.024629 1289.66 30.8331
0.025237 1255.59 28.2707
0.025845 1243.94 25.9064
0.026454 1249.21 25.2823
0.027062 1221.55 22.8689
0.02767 1218.43 23.3318
0.028278 1208.88 23.7992
0.028886 1185.01 34.4611
0.029494 1163.13 22.8971
0.030102 1152.76 21.2003
0.03071 1137.92 18.7123
0.031319 1122.54 21.2052
0.031927 1117.23 18.1579
0.032535 1098.7 16.1494
0.033143 1084.4 15.4451
0.033751 1076.65 16.2253
0.034359 1055.13 14.4774
0.034967 1034.35 14.0512
0.035575 1016.23 13.767
0.036184 990.627 14.2249
0.036792 992.372 13.6782
0.0374 985.996 13.5028
0.038008 971.406 12.2131
0.038616 953.102 11.7641
0.039224 932.668 11.1856
0.039832 915.559 12.1099
0.04044 916.318 11.5778
0.041049 900.496 12.2059
0.041657 875.444 11.9407
0.042265 870.264 11.2442
0.042873 846.543 11.5399
0.043481 840.337 11.0502
0.044089 817.837 9.84921
0.044697 816.214 10.0308
0.045305 796.162 9.7275
0.045914 792.91 9.83831
0.046522 781.583 11.0446
0.04713 764.221 10.4817
0.047738 744.376 11.2394
0.048346 740.215 10.4165
0.048954 723.234 9.49228
0.049562 708.875 9.8389
0.05017 690.28 9.15044
0.050779 676.155 9.20298
0.051387 661.934 9.10888
0.051995 652.264 8.67821
0.052603 637.124 8.62841
0.053211 631.831 5.06094
0.053819 623.424 4.90826
0.054427 606.985 4.92304
0.055035 597.499 4.88648
0.055644 584.742 4.82668
0.056252 575.057 4.67467
0.05686 558.508 4.58735
0.057468 549.101 4.37808
0.058076 543.155 4.2544
0.058684 529.979 4.63983
0.059292 522.082 4.47991
0.0599 511.255 4.70832
0.060509 500.645 4.57462
0.061117 485.528 4.25986
0.061725 478.714 4.39117
0.062333 469.327 4.15913
0.062941 462.195 3.89455
0.063549 452.562 3.92625
0.064157 442.357 3.95341
0.064765 433.965 3.81001
0.065374 423.737 3.70374
0.065982 416.615 3.61809
0.06659 407.343 3.69393
0.067198 401.114 3.64272
0.067806 393.891 3.61625
0.068414 383.787 3.46538
0.069022 373.313 3.55284
0.06963 364.35 3.44995
0.070238 358.24 3.45302
0.070847 352.557 3.28275
0.071455 344.075 3.24796
0.072063 335.951 3.10289
0.072671 329.319 3.42091
0.073279 321.885 3.27667
0.073887 313.266 3.29146
0.074495 305.824 3.24005
0.075103 299.246 3.09691
0.075712 291.891 3.05692
0.07632 288.082 3.01247
0.076928 279.461 2.92635
0.077536 274.828 2.83441
0.078144 268.941 2.71193
0.078752 262.043 2.69
0.07936 256.01 2.71334
0.079968 249.987 2.8303
0.080576 244.678 2.70181
0.081185 241.517 2.68473
0.081793 233.878 2.78741
0.082401 228.957 2.53499
0.083009 225.615 2.58393
0.083617 219.926 2.57245
0.084225 215.951 2.53346
0.084833 210.266 2.52557
0.085441 206.625 2.5432
0.086049 198.325 2.52011
0.086658 193.483 2.43785
0.087266 188.464 2.48845
0.087874 186.051 2.52926
0.088482 181.634 2.56084
0.08909 180.863 2.51861
0.089698 174.538 2.34486
0.090306 171.295 2.35556
0.090914 168.229 2.32313
0.091522 165.977 2.32123
0.092131 162.214 2.18952
0.092739 157.189 2.12068
0.093347 153.532 2.14653
0.093955 148.81 2.19694
0.094563 144.892 2.22397
0.095171 141.847 2.18345
0.095779 138.891 2.17564
0.096387 134.152 2.17076
0.096995 133.601 2.5506
0.097604 131.869 2.17184
0.098212 129.754 2.0852
0.09882 127.778 2.01626
0.099428 126.026 1.9657
0.100036 124.248 1.94484
0.100644 121.634 2.03115
0.101252 118.671 1.98945
0.10186 114.75 2.00735
0.102468 112.245 1.92452
0.103077 109.291 1.86788
0.103685 106.196 1.84417
0.104293 103.551 1.85616
0.104901 101.664 1.81694
0.105509 97.9119 1.9019
0.106117 95.712 1.83213
0.106725 93.9845 1.8786
0.107333 92.716 1.91385
0.107941 91.876 1.91387
0.10855 91.7269 1.87922
0.109158 90.229 1.7883
0.109766 87.4715 1.85179
0.110374 85.5301 1.83875
0.110982 84.6205 1.82583
0.11159 83.0418 1.89918
0.112198 79.7333 1.84605
0.112806 78.6607 1.83666
0.113414 76.213 1.75954
0.114022 74.791 1.68045
0.114631 73.7108 1.75784
0.115239 72.6894 1.7037
0.115847 71.4478 1.66724
0.116455 70.7623 1.67655
0.117063 69.5895 1.67492
0.117671 66.8121 1.68498
0.118279 65.2998 1.7063
0.118887 64.7208 1.63089
0.119495 63.1117 1.7094
0.120103 60.7007 1.71876
0.120712 61.0402 1.6494
0.12132 59.6307 1.72269
0.121928 58.091 1.71803
0.122536 58.2621 1.65429
0.123144 57.4261 1.68285
0.123752 54.6069 1.71301
0.12436 52.4277 1.68847
0.124968 50.7114 1.61116
0.125576 51.9144 1.57563
0.126184 50.5951 1.57246
0.126793 51.9668 1.54799
0.127401 50.8365 1.63424
0.128009 49.0434 1.5801
0.128617 46.8842 1.50355
0.129225 44.9826 1.58166
0.129833 46.4613 1.04997
0.130441 45.8118 1.06734
0.131049 45.0643 1.01169
0.131657 44.6615 0.99629
0.132265 43.2626 0.984087
0.132873 43.2112 1.01488
0.133482 41.7907 1.01266
0.13409 41.4338 0.994897
0.134698 41.4579 0.974486
0.135306 40.6367 0.987988
0.135914 38.8671 1.02913
0.136522 37.6722 1.0021
0.13713 36.8057 0.958678
0.137738 37.1483 0.962966
0.138346 36.4992 0.993217
0.138954 35.9957 0.974471
0.139562 35.7401 1.02692
0.140171 35.1091 1.03986
0.140779 35.0105 0.96506
0.141387 33.5177 0.996687
0.141995 32.6643 0.961671
0.142603 32.7865 0.966119
0.143211 31.2109 0.982127
0.143819 31.0355 0.998302
0.144427 30.6158 0.965219
0.145035 29.976 1.00556
0.145643 30.6196 1.17246
0.146251 29.6371 1.02953
0.14686 29.8195 1.16488
0.147468 29.5667 1.14423
0.148076 28.2411 0.971948
0.148684 27.5645 0.91313
0.149292 27.5532 0.868381
0.1499 26.4182 0.882477
0.150508 26.6196 0.862165
0.151116 26.2984 0.928588
0.151724 25.6048 0.979879
0.152332 25.0144 0.924695
0.15294 24.0802 0.889668
0.153548 23.8968 0.870623
0.154156 23.7941 0.834184
0.154765 23.8876 0.830722
0.155373 23.5712 0.875567
0.155981 23.4726 0.863422
0.156589 23.116 0.883308
0.157197 22.9451 0.865273
0.157805 21.6365 0.829172
0.158413 20.4758 0.831817
0.159021 20.5497 0.851226
0.159629 19.728 0.861895
0.160237 19.5179 0.83181
0.160845 20.1123 0.824598
0.161453 19.8892 0.802335
0.162061 20.0246 0.814187
0.16267 19.9166 0.795839
0.163278 19.0196 0.798611
0.163886 18.8747 0.81065
0.164494 18.706 0.827867
0.165102 18.9248 0.801634
0.16571 19.1099 0.827131
0.166318 19.3616 0.829463
0.166926 18.9349 0.832632
0.167534 19.1661 0.875877
0.168142 18.557 0.851648
0.16875 17.8671 0.817256
0.169358 17.0786 0.803627
0.169966 17.0883 0.827149
0.170574 16.9813 0.783821
0.171183 17.0377 0.800232
0.171791 17.0291 0.828718
0.172399 16.8261 0.789578
0.173007 16.6083 0.767387
0.173615 15.8815 0.803743
0.174223 15.9922 0.803019
0.174831 15.4016 0.829186
0.175439 16.0339 0.784402
0.176047 15.8659 0.817045
0.176655 15.3605 0.813757
0.177263 14.9066 0.823454
0.177871 15.1493 0.864043
0.178479 14.7998 0.791934
0.179087 15.0372 0.784811
0.179695 14.2197 0.824163
0.180304 13.8566 0.833171
0.180912 13.7021 0.82527
0.18152 13.5831 0.812128
0.182128 13.2799 0.814088
0.182736 13.6677 0.795086
0.183344 13.3496 0.787022
0.183952 13.3234 0.770206
0.18456 12.5176 0.774694
0.185168 12.5286 0.786634
0.185776 12.5785 0.772993
0.186384 12.2159 0.775239
0.186992 12.7094 0.75417
0.1876 11.7842 0.774935
0.188208 11.7624 0.771429
0.188816 12.2463 0.78883
0.189424 12.132 0.760918
0.190032 12.2471 0.747097
0.190641 12.4081 0.762419
0.191249 11.6165 0.774066
0.191857 11.4306 0.826117
0.192465 10.9948 0.781661
0.193073 10.6805 0.771301
0.193681 10.5306 0.796654
0.194289 11.3311 0.782376
0.194897 10.7416 0.755086
0.195505 10.315 0.762079
0.196113 10.7698 0.764652
0.196721 10.6073 0.767612
0.197329 10.3654 0.7615
0.197937 10.1803 0.73217
0.198545 9.07446 0.743306
0.199153 9.37967 0.740921
0.199761 9.50625 0.756485
0.200369 9.37779 0.742915
0.200977 9.20645 0.796122
0.201585 10.3507 0.812384
0.202193 10.1186 0.904635
0.202802 9.63633 0.782423
0.20341 8.38495 0.742459
0.204018 8.74302 0.731893
0.204626 8.0814 0.735797
0.205234 8.53719 0.723576
0.205842 8.78729 0.702636
0.20645 8.67898 0.73381
0.207058 9.55394 0.707614
0.207666 9.55076 0.712453
0.208274 8.87581 0.714918
0.208882 8.18524 0.736809
0.20949 8.23768 0.724021
0.210098 8.30619 0.728024
0.210706 8.20849 0.724117
0.211314 8.46501 0.716242
0.211922 8.49137 0.74577
0.21253 8.34863 0.717144
0.213138 7.99975 0.728581
0.213746 7.62407 0.718652
0.214354 8.33636 0.721164
0.214962 8.51062 0.726804
0.21557 8.09252 0.75375
0.216178 7.87549 0.726874
0.216786 8.20146 0.733431
0.217394 7.74437 0.727917
0.218002 7.21139 0.728749
0.21861 7.65357 0.720518
0.219219 7.67917 0.704428
0.219827 8.4352 0.699946
0.220435 8.5431 0.72217
0.221043 8.39084 0.710968
0.221651 7.85666 0.709906
0.222259 7.35792 0.722002
0.222867 7.07835 0.698122
0.223475 7.29599 0.705885
0.224083 6.2368 0.735462
0.224691 6.7831 0.699786
0.225299 6.92851 0.715861
0.225907 7.03915 0.83585
0.226515 7.0322 0.706309
0.227123 7.23554 0.699976
0.227731 6.74311 0.671131
0.228339 7.1491 0.656963
0.228947 7.1817 0.666356
0.229555 7.17892 0.681653
0.230163 7.19934 0.673164
0.230771 6.65345 0.655833
0.231379 6.41676 0.682709
0.231987 6.07838 0.667925
0.232595 5.81762 0.662058
0.233203 5.99432 0.677091
0.233811 5.83206 0.678588
0.234419 6.16916 0.672331
0.235027 6.01487 0.688061
0.235635 5.82789 0.686366
0.236243 5.9998 0.668108
0.236851 5.88569 0.660798
0.237459 5.86617 0.652173
0.238067 6.09536 0.667961
0.238675 6.2279 0.662162
0.239283 6.32946 0.661274
0.239891 5.9546 0.659678
0.240499 6.03361 0.66273
0.241107 6.44472 0.663257
0.241715 6.66211 0.692212
0.242323 6.36194 0.705033
0.242931 6.07654 0.8445
0.243539 5.3006 0.722263
0.244147 5.30778 0.685728
0.244755 4.88428 0.75743
0.245363 5.32577 0.764168
0.245971 4.89248 0.691143
0.246579 5.03035 0.67304
0.247187 5.12892 0.655083
0.247795 4.78781 0.641659
0.248403 4.97663 0.657383
0.249011 5.03172 0.65598
0.249619 5.40108 0.660189
0.250227 5.4176 0.654175
